167
3 336 198 221
4 244 156 232 205
2 464 420
3 496 485 127
4 407 27 125 360
2 12 355
3 337 148 363
4 409 59 332 314
2 202 94
3 470 256 98
4 365 364 55 262
2 225 17
3 374 184 145
4 465 69 276 60
2 482 354
3 247 49 86
4 479 231 487 5
2 413 287
3 315 2 305
4 246 269 272 266
2 252 224
3 109 350 391
4 458 9 463 403
2 375 264
3 40 278 329
4 325 46 219 207
2 484 23
3 362 448 308
4 478 84 182 22
2 166 155
3 414 267 481
4 419 251 393 280
2 28 191
3 41 277 199
4 123 15 157 379
2 35 243
3 107 307 298
4 432 340 31 288
2 165 122
3 430 455 54
4 193 57 320 493
2 175 111
3 168 64 89
4 378 119 253 214
2 51 415
3 328 341 273
4 388 20 162 491
2 488 197
3 19 347 3
4 274 186 497 13
2 398 222
3 141 233 153
4 405 133 163 425
2 241 118
3 67 92 434
4 114 431 187 296
2 279 36
3 151 319 282
4 367 411 318 422
2 443 439
3 195 412 91
4 248 78 234 188
2 53 68
3 70 452 99
4 77 392 242 449
2 380 386
3 499 174 139
4 76 180 62 372
2 147 154
3 271 106 294
4 345 417 373 444
2 1 112
3 172 226 474
4 79 45 102 48
2 327 300
3 321 384 344
4 208 179 32 201
2 441 335
3 311 383 100
4 343 216 292 105
2 299 259
3 210 427 460
4 283 438 116 16
2 265 97
3 406 21 317
4 136 258 401 50
2 33 456
3 462 44 152
4 138 377 489 0
2 209 326
3 293 476 454
4 370 8 498 95
2 189 453
3 424 66 451
4 473 159 29 37
2 457 135
3 334 331 390
4 346 429 150 170
2 477 436
3 137 387 494
4 61 167 25 442
2 260 303
3 101 492 426
4 416 149 263 200
2 312 404
3 181 285 90
4 104 144 459 117
2 93 63
3 11 468 237
4 359 204 24 177
2 369 291
3 128 351 400
4 396 339 203 82
2 423 146
3 322 281 142
4 65 245 366 26
2 316 408
3 14 402 220
4 469 310 394 43
2 330 295
3 324 356 304
4 161 230 236 129
2 333 206
3 361 213 124
4 275 38 160 268
2 255 211
3 10 371 131
4 447 239 185 249
2 120 467
3 72 134 218
4 348 169 235 18
2 466 435
3 421 228 176
4 338 376 270 302
2 229 257
3 446 399 353
4 158 284 74 130
2 286 480
3 437 250 495
4 475 428 71 87
2 178 483
3 301 115 132
4 486 88 173 121
2 194 440
3 73 192 313
4 164 261 56 96
2 215 238
3 140 309 58
4 240 342 75 445
2 103 126
3 83 254 358
4 410 349 490 382
2 227 4
3 108 80 472
4 397 6 461 395
2 171 381
3 471 52 385
4 143 450 42 7
2 196 368
3 352 418 223
4 113 81 30 217
2 85 357
3 212 323 389
4 34 39 433 290
2 190 110
3 306 289 297
2 47 183
