1628
3 2608 5362 153
4 5357 6404 421 2589
2 935 2356
3 5606 3590 372
4 5515 8452 5121 8785
2 831 5343
3 8821 4826 1032
4 6735 1114 9612 6459
2 3469 6293
3 8336 4419 4514
4 998 2489 59 8197
2 5957 2934
3 7387 4030 86
4 5905 6312 6655 8873
2 987 2330
3 1750 7586 4434
4 7923 370 7262 8407
2 8491 9533
3 2297 3311 7521
4 7710 7569 5583 7529
2 5632 8441
3 3031 9036 8160
4 5744 2861 5918 4449
2 3394 9636
3 8643 5200 7471
4 4233 6823 9906 3987
2 1770 8541
3 8413 335 430
4 3697 2687 9383 9267
2 268 8955
3 2859 4596 8398
4 2061 1388 371 8485
2 7883 9571
3 6450 9187 6352
4 4631 2124 9618 3135
2 9548 5281
3 2786 8031 4238
4 1756 2094 9487 4004
2 8877 7097
3 2506 7384 5157
4 9818 9213 7290 1287
2 9644 8374
3 3439 6023 7868
4 1385 2843 8284 8189
2 2657 5260
3 7906 1452 8753
4 2819 2222 666 684
2 6021 6412
3 3060 8447 6229
4 5363 8437 6476 8479
2 8731 8602
3 8727 444 5950
4 8392 1524 8338 398
2 3866 1534
3 4982 793 6510
4 7549 2096 674 7927
2 7165 4356
3 8804 402 2596
4 4386 9483 6632 6584
2 6862 8231
3 3596 9028 620
4 3765 5083 2117 3149
2 3628 360
3 3956 2661 7800
4 8636 132 453 9256
2 7248 9686
3 5751 5443 2837
4 443 2196 6550 7540
2 2272 6607
3 3793 3657 2144
4 4473 8287 2932 752
2 2602 8110
3 7751 1475 1321
4 7101 6839 6639 7896
2 4330 4633
3 4723 6761 2685
4 6668 8603 8591 2584
2 5377 4297
3 8383 1012 9595
4 5211 1729 2968 7064
2 3108 9457
3 8093 5168 7397
4 5526 8775 6756 7516
2 8500 2532
3 3212 4595 1519
4 44 2345 683 1164
2 7533 4427
3 2120 9332 2601
4 854 461 5773 8814
2 7172 7793
3 6034 9810 1058
4 4322 3607 9568 9986
2 8494 7068
3 1220 3761 2595
4 4964 8119 2141 7198
2 2324 6233
3 16 5834 3570
4 1561 9614 9128 7757
2 5356 3389
3 1843 8022 9269
4 3484 1013 2475 3302
2 9204 2656
3 1593 9210 2702
4 2395 8148 5913 1737
2 668 9577
3 5829 7532 1514
4 5416 7792 5886 3904
2 4987 9400
3 4099 6890 9094
4 714 7961 1146 4886
2 7938 7228
3 6569 7804 7085
4 4374 1988 1830 1996
2 7093 508
3 953 4534 530
4 7444 5231 6255 3629
2 7102 1824
3 6565 4399 1118
4 4808 5713 1050 9247
2 5480 3059
3 4387 2953 5387
4 8911 3015 3196 6196
2 4273 4978
3 2232 8675 6822
4 3273 5653 9129 7945
2 4699 1625
3 3085 7110 4094
4 2598 7825 7136 5052
2 7408 6480
3 3951 9709 5558
4 8115 1203 7079 9196
2 9604 4979
3 2028 8822 431
4 9959 4106 7145 8837
2 5177 2030
3 889 1538 7461
4 3024 4655 7135 7231
2 8461 2541
3 1980 6161 7078
4 7704 4574 6762 2545
2 3719 468
3 4046 2772 1840
4 8612 7368 6677 3656
2 3523 2153
3 8486 9993 7631
4 4637 6170 4135 6782
2 6631 5527
3 4804 9844 906
4 4670 7863 5048 2935
2 4232 6559
3 5019 6600 7237
4 82 7939 2228 7643
2 2961 1612
3 4578 4245 3449
4 864 9795 1081 336
2 603 4923
3 7962 288 287
4 9004 7108 5427 1248
2 3963 4793
3 3280 9446 40
4 8187 4102 2045 1839
2 6026 4588
3 3347 8037 4358
4 4579 876 9527 2060
2 4283 2357
3 5024 4935 9337
4 9250 2364 373 6300
2 703 291
3 355 3894 4783
4 4100 1396 9354 7100
2 1880 5859
3 7194 1953 868
4 5904 3844 8553 7715
2 5100 5430
3 6563 6046 9075
4 8186 5652 2544 8387
2 8508 5227
3 6959 7150 7991
4 2293 1372 1383 2535
2 7251 5699
3 649 2242 7170
4 7648 5625 9690 9747
2 693 8726
3 5199 8981 5161
4 3542 2203 7088 2456
2 5148 1679
3 2220 2199 4172
4 3214 586 7451 8607
2 8410 6085
3 3021 7632 7036
4 4917 2982 5651 7937
2 4899 8075
3 6915 240 31
4 8585 9765 7259 6240
2 2579 8985
3 1640 1796 9418
4 5777 7814 3106 5006
2 1275 4591
3 7963 7960 8571
4 3715 973 3825 7819
2 7852 3619
3 8734 5800 3849
4 5001 9131 8733 847
2 1611 5694
3 6844 3517 7554
4 7756 8701 4516 522
2 2512 7187
3 393 978 24
4 3626 8754 604 7796
2 6371 409
3 7018 7826 3743
4 7629 9930 8233 2985
2 258 7307
3 5245 5106 2683
4 1136 7595 3142 4957
2 5265 3144
3 6479 225 7252
4 9235 1701 687 3842
2 6682 5504
3 5959 2304 1527
4 2964 8384 887 3686
2 4048 7523
3 8256 7600 8729
4 9302 4150 5686 9784
2 2706 9321
3 2754 6697 1638
4 976 9917 4619 8332
2 9282 4651
3 7971 8737 9957
4 2155 4863 2459 8777
2 7791 2405
3 5125 9659 7713
4 2080 8854 4695 1423
2 4891 4732
3 7460 1221 8793
4 4498 594 3792 6168
2 4876 682
3 413 4001 8965
4 4490 8616 1861 8138
2 5979 4214
3 7273 2390 1665
4 6384 67 2267 8346
2 6833 7606
3 6809 602 6713
4 3618 2994 565 1049
2 3199 3922
3 3509 7430 5400
4 5375 3944 1712 65
2 3756 1918
3 2669 3125 8108
4 3899 9340 8997 6582
2 5382 81
3 4726 958 3812
4 5101 5494 4475 7148
2 1180 1868
3 7315 6604 5460
4 4638 4320 8477 6571
2 8473 7292
3 4301 5732 6725
4 2619 2718 5758 2828
2 7453 3361
3 6835 613 7895
4 4405 1101 5982 1491
2 482 9931
3 6746 2412 9223
4 8026 1200 877 1096
2 6456 1788
3 8201 1532 7957
4 3089 3443 745 5209
2 1415 1045
3 7357 9114 3161
4 7579 8004 4430 2064
2 9150 4174
3 76 1549 5881
4 2499 4940 7359 1071
2 1439 3819
3 4248 9526 6315
4 6842 778 4874 2802
2 9342 3385
3 7132 4488 7813
4 7008 8659 9797 5203
2 318 4461
3 511 7881 3396
4 8506 5156 6419 9713
2 9323 6843
3 1270 7490 7602
4 5602 1115 5592 7369
2 388 1105
3 97 4942 4858
4 1085 8047 3853 9550
2 7514 182
3 2469 6328 7565
4 6481 9539 2628 2313
2 194 2500
3 9678 1649 2102
4 7726 1322 6134 1552
2 8086 1949
3 3555 6148 840
4 5796 4318 9620 820
2 821 7636
3 3665 6828 3174
4 9546 730 1357 4161
2 7682 1166
3 3115 4149 2173
4 1812 1450 5310 1742
2 4890 4972
3 9699 5863 9721
4 9569 2488 8923 9746
2 6678 4323
3 6311 5066 4069
4 532 5090 49 7168
2 180 5549
3 9838 9157 5731
4 5609 1522 5991 4550
2 6457 2382
3 5368 9083 6506
4 9 5219 9123 4406
2 8561 2110
3 5064 6517 218
4 5808 257 9182 5518
2 6411 2098
3 9543 2529 6189
4 8199 6616 5622 4137
2 7183 7005
3 4173 1869 2358
4 1378 4415 9605 85
2 8770 5508
3 4694 8289 4164
4 6297 7344 9363 7302
2 7504 4821
3 2514 8215 8097
4 3896 7104 4995 2342
2 1063 1705
3 8472 6739 1110
4 8563 850 9856 6060
2 8064 9954
3 1170 2466 9149
4 4702 3505 4036 384
2 2715 4425
3 6473 4400 70
4 2213 8010 5492 9921
2 2451 6701
3 6002 956 4249
4 3309 9433 2728 3647
2 1667 6199
3 1086 6581 899
4 8449 9514 9778 446
2 6692 7333
3 2210 9578 4104
4 7409 2212 9946 1094
2 8968 7030
3 7557 6353 2531
4 3496 9722 8363 6580
2 2803 6234
3 477 4567 9475
4 8322 7 47 9532
2 9929 5466
3 7247 6590 4775
4 1433 6611 5772 9691
2 2758 3843
3 123 1669 1865
4 8702 7212 8487 513
2 7367 866
3 2163 819 6897
4 4884 8286 8751 3950
2 6998 7022
3 4359 9564 2149
4 954 2814 8509 4711
2 2873 3466
3 9635 3078 5831
4 6994 2282 1427 3306
2 7835 7459
3 8426 9887 9540
4 654 9111 9063 321
2 7992 9632
3 4197 7653 6899
4 2749 4390 8736 8250
2 8872 8725
3 8950 9820 801
4 432 9566 4902 4551
2 1513 5023
3 13 3052 3875
4 264 5544 6192 4861
2 729 5557
3 4538 977 1899
4 8516 9507 3055 9908
2 4822 8780
3 9234 2629 5026
4 3593 6957 7209 403
2 9126 574
3 3822 726 4635
4 4847 992 8626 4951
2 903 5008
3 1867 2987 1836
4 1510 4522 7613 5366
2 573 4520
3 7694 1678 5897
4 9843 738 4706 884
2 3690 428
3 9603 6664 219
4 71 213 6381 3293
2 4220 621
3 5944 8021 8759
4 4259 4058 2023 3257
2 9554 9270
3 9600 4291 6003
4 1471 7954 6811 4879
2 148 4435
3 3753 8502 8732
4 7551 2727 8991 8320
2 2311 8164
3 3521 5663 5511
4 4131 2340 9124 9374
2 435 5853
3 2741 8766 2950
4 1677 8152 1955 8193
2 227 3821
3 7176 8212 3902
4 2558 9888 5570 3499
2 1134 2980
3 9692 343 6137
4 3473 2716 5197 164
2 5828 238
3 1120 4882 691
4 9307 5616 3295 2723
2 9724 6983
3 34 9181 8440
4 924 8721 6415 6050
2 2386 3292
3 8210 8222 487
4 5308 2461 9168 4716
2 6174 7393
3 7850 1939 2193
4 2331 1734 5791 1895
2 7706 8136
3 8663 8654 3515
4 5729 5945 3463 5873
2 361 3784
3 7812 6448 1694
4 1261 4331 1912 3978
2 7965 7807
3 4328 3147 1586
4 3940 2246 5989 1353
2 8417 9380
3 1627 160 4501
4 4960 3905 1845 8849
2 5266 7627
3 4839 6492 2762
4 2245 1202 9289 4557
2 6720 9436
3 1778 9519 5994
4 3072 3566 2962 5295
2 5483 8002
3 9496 6674 4314
4 1820 8094 7677 5028
2 9362 8613
3 8543 3123 9009
4 8895 9214 4663 3276
2 203 1799
3 3930 5769 2205
4 6574 8432 9922 1512
2 179 8570
3 152 2328 4914
4 3769 5250 1740 7152
2 5379 4709
3 3504 5181 5986
4 7151 9776 6206 9197
2 230 5906
3 8629 8952 7395
4 2457 7740 5061 4865
2 7138 9301
3 8568 3543 885
4 8839 4837 8625 6738
2 3777 4376
3 9613 3884 2464
4 5941 2484 9286 2000
2 4571 8085
3 8645 728 1292
4 1714 9895 9443 3632
2 8880 8045
3 4747 395 4877
4 5793 1743 1587 1228
2 6187 1654
3 6331 8068 7229
4 1817 1231 5909 5239
2 5900 6533
3 392 462 5666
4 245 5919 5854 4222
2 4807 652
3 3491 2852 7903
4 2309 1152 9464 3673
2 7404 6971
3 3233 3806 5817
4 1040 464 214 7250
2 2012 6917
3 7123 8808 9611
4 3375 2809 4521 9880
2 6859 9698
3 5233 221 456
4 859 1341 1934 7083
2 4098 1283
3 4052 7410 6263
4 708 2694 8977 3136
2 9977 7832
3 1453 5752 5631
4 6702 3889 2274 4074
2 4034 2154
3 3841 4689 848
4 8397 3228 9525 7447
2 5745 7588
3 860 6302 270
4 1476 8671 8940 8431
2 3803 9297
3 6740 193 5850
4 9689 251 8670 5593
2 2769 596
3 2046 2533 796
4 1422 1616 8609 4904
2 8272 7075
3 4742 6824 3681
4 2612 3223 2089 9755
2 6545 5617
3 2711 845 5370
4 717 8036 3062 2937
2 6075 1762
3 4529 6063 9859
4 4038 3028 9166 8168
2 3169 921
3 346 1167 8930
4 8204 6747 916 5170
2 7281 1191
3 4221 5128 6952
4 4607 1948 177 1140
2 4724 4523
3 5097 4482 9251
4 2353 1197 1483 4871
2 3413 9825
3 6244 8897 467
4 3244 3104 1393 1930
2 6961 1775
3 6175 5872 2632
4 4640 2407 4573 6870
2 3794 6647
3 8716 4394 1904
4 5172 818 9344 4509
2 1119 1230
3 9105 1986 6744
4 2070 962 7583 3272
2 922 9663
3 4000 136 5449
4 9626 6220 9769 9078
2 3267 5399
3 6197 6280 6972
4 936 6640 7936 4147
2 173 9186
3 4787 4554 4176
4 9019 1004 3176 3420
2 2373 7667
3 2240 4856 4537
4 4656 6628 6042 1718
2 5183 7140
3 7697 8067 4767
4 8697 6329 8200 8779
2 483 917
3 9328 7729 2025
4 9559 3775 1178 4151
2 2498 4
3 4544 6831 9491
4 5785 4293 28 3518
2 7340 6254
3 4116 4653 1009
4 3913 5720 6309 3308
2 633 8960
3 3431 3407 3316
4 8673 6053 9730 5044
2 9146 9972
3 108 6541 5254
4 4185 3757 8465 9325
2 8406 7669
3 3965 1184 6096
4 2127 7526 5832 9561
2 2393 2310
3 8686 8321 7541
4 711 4823 8263 4064
2 662 1553
3 6095 1516 20
4 1965 6336 3022 8677
2 833 6428
3 7663 6925 919
4 6171 4402 3229 7316
2 406 5907
3 6973 2781 9534
4 2300 6989 4690 7267
2 8135 6308
3 4407 8573 6078
4 9265 197 7617 3037
2 118 184
3 5676 2891 7236
4 6602 7391 6537 7922
2 6617 9007
3 500 9768 8028
4 7050 9275 9341 8529
2 1485 8975
3 2074 2019 1536
4 5332 9974 3002 4912
2 4810 6420
3 8456 1754 1891
4 7313 2115 4041 6935
2 2899 7985
3 8633 7309 5234
4 5096 5488 6913 4959
2 6222 2664
3 9260 1606 2432
4 9649 5163 4477 3083
2 8244 5747
3 1978 417 1192
4 7095 7103 2590 8597
2 5779 1732
3 8525 9209 5804
4 4668 1117 7278 178
2 8970 1133
3 9201 2892 3012
4 1621 1508 706 2795
2 9609 8857
3 6944 2399 4097
4 3689 2305 8101 3708
2 2858 9833
3 9015 83 3581
4 145 923 8683 7475
2 8080 6279
3 2227 643 9225
4 3877 1976 9751 2877
2 9189 2026
3 8411 7788 3038
4 9350 4043 875 6526
2 5262 5938
3 3883 9858 1194
4 3428 7454 8908 4887
2 1171 1804
3 7859 8576 9458
4 7374 8043 8876 1090
2 4009 9059
3 5401 8277 9892
4 6769 8714 1340 5013
2 5409 8493
3 3513 9022 6126
4 9726 4636 1570 7534
2 5350 9787
3 502 1027 3789
4 328 6882 8259 9366
2 6491 4209
3 3798 1841 5578
4 6365 3527 846 7041
2 8556 4966
3 2207 9584 2713
4 39 7970 2254 834
2 8118 7261
3 3099 2068 7786
4 7543 9894 4983 3451
2 5833 200
3 7581 7742 9524
4 2259 3869 5214 4657
2 2010 4556
3 1161 3887 1426
4 6477 559 8003 9545
2 7322 4371
3 7024 1084 9489
4 1883 6638 8079 8803
2 6643 341
3 5611 4634 800
4 3895 9868 9092 3422
2 5635 3754
3 6323 9073 4841
4 297 2095 8579 4717
2 6156 3727
3 9870 9860 8298
4 2922 9813 8689 63
2 6901 2425
3 2216 5041 3587
4 1684 1234 7149 5341
2 2525 1316
3 4922 3344 7206
4 2862 8430 766 6534
2 1915 8511
3 2949 3651 2785
4 5086 5776 7361 404
2 7276 6675
3 4196 8129 7686
4 9499 9719 5902 5058
2 2035 2483
3 4833 7898 8165
4 6645 7413 8423 8342
2 3949 3327
3 325 1959 579
4 2548 4194 1707 3678
2 2645 6393
3 930 5550 7233
4 6927 7673 7944 9873
2 9311 3810
3 756 9486 37
4 3840 4044 8167 6176
2 7789 7427
3 2288 2011 5429
4 3692 1923 3511 2705
2 1696 8159
3 9086 300 2746
4 540 6443 2148 4375
2 5539 154
3 1848 2911 7510
4 3885 1810 9121 1484
2 7856 9264
3 365 8438 2671
4 9119 3155 2726 7166
2 8879 8758
3 3929 545 7065
4 8116 6558 3114 2759
2 9742 9701
3 4713 6544 2422
4 9799 3371 6289 8081
2 5279 7578
3 2582 5175 9488
4 2085 2647 4284 3376
2 4675 4254
3 4777 3903 2059
4 1998 1866 5864 6721
2 7561 478
3 6008 2307 305
4 7515 4090 110 5251
2 376 6635
3 2281 5577 6417
4 32 6703 1704 9072
2 311 256
3 858 5672 9274
4 1056 1036 8682 6466
2 3859 2878
3 3926 7457 7362
4 3573 4989 150 9637
2 8924 6551
3 7019 4842 8853
4 120 2686 3519 8644
2 412 6772
3 8206 3141 6121
4 1767 3672 7445 9552
2 1789 7139
3 4880 9313 2668
4 2874 6246 7594 7990
2 6499 7547
3 937 4558 3698
4 5948 3882 7346 2191
2 8224 7086
3 1369 4969 1165
4 5330 188 7696 2817
2 1917 2827
3 8996 6560 4156
4 7524 96 1889 9359
2 7942 7098
3 8828 8919 8180
4 4351 631 3526 8707
2 1695 7590
3 2388 6963 644
4 3299 1311 7993 53
2 1728 9218
3 7948 1809 4791
4 4965 3730 3379 8834
2 4260 3620
3 7559 2047 2793
4 1994 3828 9961 7253
2 1029 811
3 4031 1688 4298
4 6306 9761 208 5503
2 3474 9159
3 8353 802 7803
4 6834 5836 9429 3105
2 5413 7820
3 1683 2406 3862
4 1249 5845 2944 9942
2 9822 4758
3 1979 740 5714
4 589 2401 2565 1668
2 5643 7736
3 2402 1618 2164
4 3239 9976 6637 2872
2 1818 7479
3 457 7314 2898
4 2765 2437 3004 6649
2 5809 6923
3 4487 4217 4910
4 3042 4235 636 6107
2 1749 5870
3 3313 9670 2990
4 3746 1975 3973 5627
2 274 5983
3 7761 3747 1892
4 2036 5324 1336 2308
2 1284 3860
3 7925 5391 5171
4 396 4720 4340 4875
2 509 1323
3 2610 2881 9413
4 8929 4307 5733 9014
2 863 280
3 1201 1835 7951
4 7545 8063 4112 9305
2 1142 9415
3 9394 640 7496
4 6377 7443 6231 6988
2 6937 1517
3 568 9711 4447
4 211 5548 5462 912
2 7758 1909
3 9617 9570 1495
4 7196 9243 2941 1936
2 1374 1725
3 576 6398 3097
4 5461 2198 8653 4452
2 5619 2733
3 6699 8815 4801
4 4244 18 9106 8478
2 8142 3082
3 4311 3748 8986
4 7512 4412 4126 1129
2 4440 6265
3 2442 828 6494
4 4357 7972 593 6144
2 7712 1554
3 2235 7197 4623
4 1564 4617 301 1787
2 4344 4950
3 7675 7117 159
4 9038 6228 7683 206
2 4632 2942
3 7616 4325 4144
4 1747 6956 8651 8470
2 2172 9327
3 8103 347 7434
4 9802 3704 8238 8247
2 1987 4664
3 8642 982 675
4 60 3 3655 750
2 1226 8542
3 8567 1639 2294
4 1671 6178 2572 9576
2 6792 7222
3 8978 3933 558
4 7700 1636 5803 8501
2 7000 2385
3 4508 7087 5510
4 723 6123 58 7494
2 2231 2447
3 3146 3355 8498
4 2952 1359 1711 2162
2 3984 8311
3 5345 8694 9089
4 4771 3531 648 804
2 4621 7507
3 7889 8435 229
4 9866 4925 6547 1851
2 3636 6654
3 1099 441 6484
4 7542 7530 7175 4559
2 7045 8530
3 753 143 3878
4 7208 7851 1763 8851
2 4107 7753
3 3300 6035 2453
4 7596 5633 4997 7841
2 5327 9148
3 6087 7091 719
4 1409 307 480 9631
2 3717 2485
3 6636 3274 7899
4 7466 7296 4079 3001
2 5210 5073
3 2570 6711 6630
4 2538 2804 4611 2836
2 4577 111
3 1376 9205 6620
4 3356 4352 7978 7385
2 886 746
3 5237 2137 3838
4 8299 7614 465 6522
2 1897 3935
3 9502 9948 4898
4 2627 2573 8932 6731
2 7033 5045
3 784 226 383
4 1344 6914 780 773
2 4285 2556
3 7274 1971 7795
4 4187 5556 5657 5574
2 2996 5340
3 3578 3445 5442
4 1735 5794 3153 6350
2 7488 5949
3 3261 5471 2799
4 6613 6252 8639 3457
2 8786 192
3 6387 3006 7642
4 7326 1946 9320 3781
2 7550 2298
3 9538 739 6471
4 8325 2033 359 8954
2 3990 2280
3 8859 7094 2578
4 5860 5901 6380 7592
2 6539 7711
3 4451 842 9280
4 4367 7439 2575 2351
2 5029 986
3 6770 3807 9846
4 9667 9602 825 5489
2 8098 3645
3 163 292 8842
4 7884 7074 6498 8161
2 5107 8405
3 1279 2169 4549
4 529 3107 5487 3830
2 8011 61
3 9002 2002 8806
4 9968 6757 5600 8163
2 5840 1731
3 615 1416 183
4 7119 7862 2674 3337
2 5410 3247
3 8756 4398 9272
4 4480 7464 9966 8601
2 8379 4996
3 6125 4906 1615
4 8326 7249 5856 7770
2 1993 9372
3 3208 9423 2564
4 1856 9382 7662 3969
2 195 872
3 6261 6852 5246
4 3857 8658 5278 9585
2 9521 4262
3 5190 3679 3263
4 2400 8650 735 8035
2 5470 2884
3 9003 6669 94
4 7026 5891 9151 7703
2 3993 4305
3 6960 1330 2604
4 6226 791 2486 9511
2 9932 8635
3 2567 6425 7744
4 5529 9572 8524 3845
2 8961 9421
3 4892 1212 7666
4 3498 2020 534 2125
2 2709 6185
3 7924 725 3370
4 4692 7699 1116 1884
2 9162 2676
3 3873 8618 5903
4 5418 5151 2806 1632
2 7929 803
3 6307 2179 207
4 915 4990 8938 6531
2 5014 1087
3 9356 9660 4479
4 6202 6160 7733 1282
2 4175 1614
3 6409 7223 5741
4 8134 5389 5040 4016
2 9556 3493
3 5882 6097 6332
4 7875 5644 6296 5094
2 3266 7833
3 1650 6766 8355
4 9528 6467 676 8614
2 9044 4830
3 1479 378 1131
4 9597 5649 1073 3544
2 8797 8698
3 5426 2237 2591
4 6110 7057 2509 9718
2 6391 6850
3 2136 8340 2549
4 9806 767 8548 6483
2 9819 4939
3 2951 8994 5313
4 5869 5173 4465 8153
2 1206 69
3 1296 30 1806
4 4786 8835 2368 117
2 7639 2206
3 3947 6180 2184
4 8915 2927 836 2798
2 6098 6237
3 5718 9232 4789
4 7130 7003 7363 590
2 7580 5316
3 1699 5146 4564
4 1233 8058 4916 1556
2 7688 4453
3 2946 5098 2730
4 4066 1874 9221 5756
2 5051 2378
3 2065 3312 22
4 7415 2571 3870 2870
2 156 8462
3 6232 9651 78
4 4814 9183 3891 5020
2 2789 6407
3 4078 5212 5628
4 1568 7577 2481 1214
2 8001 4911
3 4504 8454 2072
4 3839 1595 2811 9135
2 4252 8318
3 4599 2333 2444
4 9588 8297 2697 6366
2 8778 7416
3 4193 2554 7969
4 520 8874 7823 1825
2 6163 8344
3 7289 3783 2022
4 4335 8137 1529 1768
2 2583 5472
3 5276 381 7491
4 3011 9192 170 9062
2 6516 9933
3 3381 4678 5613
4 1509 4867 7748 4524
2 6519 9042
3 2775 7371 550
4 9173 4650 8861 635
2 4132 1777
3 2303 9065 9333
4 1908 6351 6017 4907
2 1501 3053
3 7177 9200 4646
4 1160 62 5081 4200
2 2431 1290
3 9294 4679 5422
4 4975 3145 4491 5017
2 8061 8038
3 6887 5482 8401
4 2776 3112 8348 1364
2 741 9717
3 2264 6270 4736
4 8032 6605 5118 1601
2 6841 9070
3 6953 6227 2016
4 1199 131 7633 7555
2 9749 8535
3 6301 5192 1331
4 760 2055 4170 3997
2 2662 1190
3 8273 2057 7907
4 5474 236 1589 362
2 3846 8555
3 6304 2335 5895
4 7950 1492 9529 4644
2 1992 3008
3 554 1377 2527
4 3167 9365 6742 9419
2 9910 1622
3 9551 7743 9338
4 171 2642 8242 3745
2 5533 5304
3 89 7502 1935
4 2939 9849 5683 8684
2 1350 8009
3 4308 7721 2621
4 7330 6316 8811 9779
2 7847 2039
3 7674 252 6357
4 4671 6938 4604 3736
2 2427 605
3 2101 5198 1590
4 6528 1819 3075 9361
2 491 6158
3 4136 1208 3411
4 9471 2592 5131 2905
2 795 5783
3 4143 8740 6748
4 3170 3485 7308 8267
2 8868 3307
3 348 2152 2435
4 5540 332 3126 8367
2 405 782
3 459 115 185
4 9048 3508 1505 7412
2 1873 4525
3 1656 8084 6595
4 1181 6184 45 4188
2 2410 7092
3 4855 3911 6093
4 1467 5277 2134 5813
2 7483 5727
3 2929 5191 3318
4 512 7975 6203 2367
2 4705 8546
3 2472 9137 5951
4 9573 8679 9583 5551
2 5844 8523
3 68 7994 1371
4 8608 3795 7201 5042
2 6902 4952
3 4628 5329 7695
4 2295 7489 5174 6752
2 8728 4103
3 514 439 673
4 3516 1533 5898 9741
2 3023 9498
3 3186 199 4337
4 5553 2585 844 9695
2 3635 1937
3 6373 8638 9535
4 5149 3437 4139 9900
2 9775 7915
3 279 9194 7684
4 1106 7426 1837 4766
2 3994 9861
3 6090 9877 7931
4 5536 6557 1440 7356
2 5187 984
3 4163 1716 1227
4 9426 296 3137 6666
2 1235 415
3 9152 9329 9582
4 5849 1765 4532 6741
2 3382 9914
3 6245 2751 6223
4 3567 8648 5336 4057
2 8282 9737
3 3744 7980 9754
4 525 8132 7204 2221
2 2170 8144
3 1961 3235 168
4 3096 839 2752 8240
2 538 8850
3 6225 5641 6818
4 4439 1571 3092 3980
2 27 972
3 7959 4796 2903
4 7917 8696 6421 8089
2 1972 6128
3 4355 1277 1299
4 4442 6076 1876 3674
2 7243 9963
3 8006 9855 9767
4 8241 9703 968 8746
2 5778 3383
3 6774 4095 3880
4 5947 3694 7558 3749
2 3879 209
3 1755 955 4994
4 1751 678 1382 5208
2 5538 9229
3 7849 1288 5134
4 900 8967 1562 9988
2 8034 9101
3 2805 865 4226
4 4943 4467 1174 6719
2 7077 4470
3 9680 1271 1502
4 458 737 5908 1761
2 422 1237
3 7060 5771 128
4 1023 9864 3563 8252
2 3685 781
3 6990 6803 8235
4 2462 4089 6514 253
2 3705 4843
3 1646 3721 1130
4 290 6856 7536 6256
2 1308 8757
3 414 9215 4798
4 689 8059 2062 642
2 9102 1074
3 7320 9047 1983
4 4731 9276 9414 4926
2 2138 3286
3 3246 3482 293
4 5724 9490 6208 3718
2 8220 4063
3 8918 6612 8179
4 1100 1609 3912 8863
2 959 3268
3 4948 9140 616
4 4456 8864 1339 5166
2 3854 6799
3 733 5612 3425
4 4167 7834 4240 8375
2 3696 5640
3 4489 5736 8166
4 727 2736 3648 9295
2 2166 4535
3 8903 1951 8393
4 8692 2600 634 5835
2 5213 424
3 5770 1801 610
4 9848 4958 5255 1535
2 9720 5386
3 5825 3536 8941
4 7953 1724 9263 6495
2 1149 6848
3 9771 4562 7418
4 5236 5136 4696 7671
2 5049 3546
3 934 3541 316
4 7202 6567 9542 3583
2 2747 7069
3 5658 4598 2480
4 8767 6038 1210 3047
2 9999 2384
3 862 7298 5206
4 3330 2190 2241 5035
2 9736 4913
3 4468 7556 356
4 8183 1429 56 6364
2 1335 1111
3 2731 5621 8773
4 5610 6028 6058 9599
2 6454 4236
3 3209 7799 7441
4 7839 7375 5899 9456
2 3787 1135
3 3402 1781 8640
4 289 3945 9198 9143
2 8334 6031
3 6529 5253 3782
4 10 688 5998 5823
2 1329 1969
3 8870 304 757
4 6326 6451 6157 9220
2 4032 5167
3 4246 8177 4750
4 4363 6596 7116 2907
2 2271 4333
3 7672 3424 1870
4 3892 6146 174 7499
2 7399 3827
3 8464 9745 419
4 6662 6188 6313 4727
2 3454 54
3 2824 4267 6463
4 9326 3559 2707 5566
2 303 3530
3 2586 3712 349
4 7914 7818 2887 2954
2 3639 3386
3 5523 8789 1404
4 3203 8376 4703 1406
2 6257 1932
3 57 23 1080
4 5962 4134 4572 451
2 8791 5977
3 9100 1661 1209
4 1648 3582 7432 9161
2 5993 2812
3 2463 3610 3893
4 2296 6784 9398 5954
2 3227 7264
3 9679 3131 1849
4 6857 4495 6264 9734
2 9336 5257
3 5104 4088 2750
4 9935 9891 9752 7186
2 6177 9793
3 7127 9958 6846
4 6578 1253 8865 6273
2 2546 7658
3 6275 9656 3127
4 5559 4555 8019 7219
2 658 275
3 5043 6851 5077
4 7153 4977 2566 2043
2 1703 7830
3 6524 6130 1774
4 1952 2999 8537 7230
2 1401 1664
3 1093 401 5594
4 1224 1122 3278 9450
2 5153 3340
3 9008 5702 893
4 2243 2652 2160 3475
2 3225 3799
3 1266 990 5323
4 1464 137 1708 2091
2 3416 5010
3 9785 6497 771
4 6627 9397 7618 17
2 7741 3716
3 9555 2550 4403
4 7105 6193 9675 4857
2 5910 2673
3 7665 473 6405
4 5085 1411 5451 4953
2 224 6040
3 5966 894 3076
4 6794 3561 9852 1888
2 6195 6509
3 425 9885 5848
4 3811 5467 5517 4215
2 4237 5883
3 5140 4746 5505
4 9238 1877 6984 562
2 9411 25
3 7640 6259 4553
4 9154 5665 2536 6
2 4770 3205
3 5599 3539 618
4 2490 1205 6149 9549
2 8114 7059
3 1958 5182 241
4 8527 7731 5879 3617
2 5067 3044
3 2105 2143 9085
4 2159 4790 146 6864
2 6283 8109
3 2326 7400 7902
4 7463 7118 5007 8833
2 312 9011
3 9647 186 6904
4 8056 709 9252 3368
2 5926 5585
3 1196 3213 1494
4 2112 6363 2123 333
2 3058 437
3 9770 2560 6812
4 797 7255 8990 4946
2 6141 2520
3 133 3262 4630
4 6685 8632 6681 622
2 2503 5361
3 4155 2634 8382
4 7920 1523 7319 8253
2 6429 507
3 6258 6922 3621
4 3802 7734 909 9459
2 1326 1006
3 6064 5373 8572
4 8824 5164 9879 9425
2 6119 319
3 5424 789 2201
4 6051 6673 9299 9165
2 1831 8361
3 1814 9230 5398
4 147 1332 6361 4792
2 5696 6614
3 2289 5598 3817
4 6777 4179 4361 4649
2 6290 6334
3 9406 1652 7163
4 2007 4773 8845 926
2 5820 5406
3 1546 4228 1062
4 3677 6733 3553 33
2 3534 2900
3 5481 3584 2947
4 4685 6985 6147 1591
2 2808 908
3 7048 9261 6430
4 608 1569 5240 9836
2 4060 4019
3 7190 5268 9927
4 3728 7155 8617 8956
2 1307 7067
3 7553 3216 1469
4 5207 6577 3271 3087
2 6500 983
3 4818 9134 1172
4 6016 7480 9987 6648
2 4976 3643
3 8314 9944 5719
4 5359 4582 3253 4076
2 4851 8592
3 4840 6291 6452
4 9748 6102 8715 7689
2 8875 1188
3 4894 827 7608
4 1381 2277 9043 6724
2 9773 342
3 7815 1480 6356
4 7956 8123 1400 541
2 6853 3476
3 5917 9941 9156
4 4124 5047 5522 9523
2 2883 5885
3 7365 7946 2344
4 5178 656 1681 2389
2 9823 7584
3 2577 9158 867
4 3991 1347 1507 471
2 5838 7890
3 3506 3334 3324
4 7310 6022 7037 9650
2 9807 2086
3 9553 2318 5573
4 9068 1179 6585 7821
2 1984 5158
3 1685 4518 8771
4 1723 9122 9684 9995
2 9024 999
3 896 1898 9830
4 3654 6540 9594 995
2 583 7921
3 8049 6432 6586
4 0 3972 8711 234
2 911 3788
3 1132 6118 9985
4 2129 3914 4208 5082
2 8190 5754
3 639 4811 6727
4 9714 5530 2381 9828
2 5693 4893
3 1313 1276 1653
4 1542 9241 970 3924
2 4860 6077
3 6964 5496 2956
4 1726 7983 87 8239
2 4369 6242
3 7096 3124 6213
4 9580 6389 1598 7382
2 9296 2252
3 4662 5346 1286
4 5325 3029 1361 5155
2 9031 1496
3 8316 8987 6414
4 5383 3357 4561 9732
2 2508 5005
3 1031 499 1504
4 9283 55 7911 1800
2 4980 1753
3 7724 4688 2977
4 2278 9896 3121 2672
2 2038 7011
3 4918 3927 8584
4 6553 1526 4592 1159
2 3591 7574
3 1793 6294 6920
4 3808 2428 9606 7768
2 8395 4224
3 3547 5189 6962
4 8750 7692 3258 3120
2 4372 8117
3 6210 3664 6693
4 2343 4661 8894 7220
2 8507 1305
3 3917 7349 5294
4 1037 7647 7981 1720
2 1878 698
3 8934 3580 2376
4 7888 931 8434 6320
2 901 1610
3 8539 5132 1624
4 3818 9468 5380 6715
2 6434 2825
3 651 8709 7388
4 5547 7518 3691 7880
2 659 6592
3 6629 1574 5534
4 8044 8722 5728 5244
2 121 2771
3 7423 6005 6576
4 6396 6111 9246 8150
2 8000 8554
3 6805 5122 1783
4 4933 7777 7406 3932
2 5697 4581
3 3824 4047 4279
4 2732 7603 6342 5056
2 2974 3189
3 7805 6472 4255
4 4381 5584 5205 9368
2 9357 7337
3 8900 6127 4339
4 3834 11 8947 5931
2 2928 3611
3 4714 7878 8534
4 7877 4286 6698 8810
2 533 7822
3 5958 9876 1700
4 948 8641 9965 4848
2 7017 7864
3 1137 6993 3442
4 4474 8442 5378 3579
2 7782 4691
3 3281 472 7121
4 3641 4206 3188 8202
2 1046 8784
3 3401 2722 8665
4 6778 7778 2260 1943
2 3156 1302
3 8268 3017 7014
4 9407 6583 3985 5271
2 9638 379
3 8564 6814 8347
4 5531 7386 1318 4992
2 9557 794
3 101 2417 8593
4 5563 7215 9952 1853
2 452 7071
3 6513 9172 8886
4 4092 2495 7964 1259
2 582 526
3 3353 7043 4932
4 6359 463 774 2920
2 4845 1177
3 3773 4546 5812
4 8889 8712 6976 358
2 1634 7730
3 3178 9367 5514
4 6849 8196 1015 7624
2 8412 4734
3 1043 1250 6104
4 7876 2081 6243 8517
2 3154 7129
3 9744 4312 6671
4 6903 6705 5615 198
3 2563 2841 7216
4 142 5671 9016 8606
3 1127 9901 1985
4 1847 2165 3248 4469
3 9035 1807 9227
4 2467 8276 3226 7984
3 7134 9710 7546
4 8333 3412 3558 4410
3 217 4428 6132
4 6112 7727 6436 849
3 3364 4502 949
4 8176 6155 3608 1886
3 157 1403 249
4 2924 7424 4202 5824
3 8310 6068 9179
4 124 5916 8578 3724
3 7622 9624 2268
4 5457 3362 6367 151
3 2835 3941 7544
4 6266 5815 6370 3750
3 8309 6253 4290
4 3352 7943 611 433
3 9013 3888 7693
4 6478 4026 7407 8264
3 2234 669 7275
4 1584 8519 8139 8133
3 8388 3615 7329
4 3480 898 7659 6340
3 1563 9346 4693
4 2875 1922 7809 2983
3 8141 2239 6796
4 7759 4093 6932 4859
3 516 1488 5397
4 6651 2006 7013 4708
3 9759 1928 5586
4 2106 6012 6152 6680
3 5060 9863 8409
4 7525 3942 2008 4788
3 1461 7634 5059
4 628 4230 7090 8652
3 4981 9882 6958
4 6198 8931 902 4600
3 4392 5725 2050
4 4949 7221 2398 2337
3 3332 7828 8229
4 3939 7010 4011 835
3 769 2689 5952
4 7725 201 4141 7305
3 4605 3265 5980
4 2912 3132 1673 6444
3 9029 7501 8015
4 4511 7425 9091 1157
3 7664 4669 2087
4 645 8466 263 1001
3 2470 9862 4986
4 1260 4774 6036 172
3 8372 9575 4613
4 3983 6446 3297 6659
3 5972 2334 6520
4 4527 2009 8040 8198
3 144 1138 8776
4 9871 278 6410 7678
3 189 9314 4211
4 1487 3906 3966 2320
3 3438 2418 9590
4 8328 9853 7567 8453
3 2712 9655 2215
4 9629 1717 103 7210
4 6676 1021 4565 4870
4 8907 9907 4054 6827
4 7500 9431 6726 2024
4 3595 4639 1822 489
4 3760 1430 7764 1154
4 1620 4725 8637 2649
4 5513 4704 3323 7752
4 1827 139 2555 556
4 1713 6129 8745 2323
4 5710 2329 1047 8823
4 9530 2879 283 9984
4 6205 7238 4627 1833
4 9962 7032 6010 2957
4 7934 1061 8866 5970
4 385 8418 7824 3557
4 1963 6965 2185 2854
4 6015 6656 947 8468
4 5896 9453 6490 4055
4 5476 5839 8293 2226
4 5579 2848 5875 3129
4 6052 7218 1010 6133
4 7995 9920 4659 6248
4 5371 4091 7785 5981
4 5046 281 1418 4961
4 1044 149 8143 8667
4 1256 9633 3322 2375
4 2783 8258 6873 6215
4 5721 5763 3339 1445
4 6700 5939 7509 8425
4 9390 2766 7286 5865
4 1351 5441 3540 6623
4 9971 2167 5730 5235
4 5355 7419 5446 960
4 9271 407 1821 6426
4 4478 3020 6942 3809
4 3367 3050 7178 7610
4 7966 597 210 8562
4 204 313 8027 9716
4 9996 9978 6800 1744
4 7522 5074 2265 4883
4 9376 4506 2516 3564
4 8801 9222 8898 1642
4 5920 9096 4496 8752
4 8305 7870 7318 5705
4 3134 7436 8172 8964
4 7861 4292 6981 3791
